"Name";"Bereich";"Information";"V.-Datum";"Relevanz";"session.sessionid=";"fts_search_list.selected";"fts_search_list.destHistoryId";"timestamp"
"Columbus Systems GmbH Ravensburg";"Rechnungslegung/ Finanzberichte";"» Jahresabschluss zum Geschäftsjahr vom 01.01.2018 bis zum 31.12.2018";"27.12.2019";"100%";"0d747c0b2dd5781887ce3d83356491d9";"99dc5dcacb98eef7";"77259";"Wed Jul  8 23:38:37 2020"
"Columbus Systems GmbH Ravensburg";"Rechnungslegung/ Finanzberichte";"» Jahresabschluss zum Geschäftsjahr vom 01.01.2017 bis zum 31.12.2017";"02.01.2019";"100%";"0d747c0b2dd5781887ce3d83356491d9";"f566b8d8d9cc51e6";"77259";"Wed Jul  8 23:38:37 2020"
"Columbus Systems GmbH Ravensburg";"Rechnungslegung/ Finanzberichte";"» Jahresabschluss zum Geschäftsjahr vom 01.01.2016 bis zum 31.12.2016";"12.01.2018";"95%";"0d747c0b2dd5781887ce3d83356491d9";"f55c459c9acec619";"77259";"Wed Jul  8 23:38:37 2020"
"Columbus Systems GmbH Ravensburg";"Rechnungslegung/ Finanzberichte";"» Jahresabschluss zum Geschäftsjahr vom 01.01.2015 bis zum 31.12.2015";"29.12.2016";"95%";"0d747c0b2dd5781887ce3d83356491d9";"c3f99f89a65f1cbd";"77259";"Wed Jul  8 23:38:37 2020"
"Columbus Systems GmbH Ravensburg";"Rechnungslegung/ Finanzberichte";"» Jahresabschluss zum Geschäftsjahr vom 01.01.2014 bis zum 31.12.2014";"11.01.2016";"95%";"0d747c0b2dd5781887ce3d83356491d9";"50ab046ed27a71d4";"77259";"Wed Jul  8 23:38:37 2020"
"Columbus Systems GmbH Ravensburg";"Rechnungslegung/ Finanzberichte";"» Jahresabschluss zum Geschäftsjahr vom 01.01.2013 bis zum 31.12.2013";"05.01.2015";"95%";"0d747c0b2dd5781887ce3d83356491d9";"cd456dc60896e3ac";"77259";"Wed Jul  8 23:38:37 2020"
"Columbus Systems GmbH Ravensburg";"Rechnungslegung/ Finanzberichte";"» Jahresabschluss zum Geschäftsjahr vom 01.01.2012 bis zum 31.12.2012";"15.01.2014";"95%";"0d747c0b2dd5781887ce3d83356491d9";"08e88948d92f3c2c";"77259";"Wed Jul  8 23:38:37 2020"
"Columbus Systems GmbH Ravensburg";"Rechnungslegung/ Finanzberichte";"» Jahresabschluss zum Geschäftsjahr vom 01.01.2011 bis zum 31.12.2011";"08.01.2013";"95%";"0d747c0b2dd5781887ce3d83356491d9";"15df5e713bf0520f";"77259";"Wed Jul  8 23:38:37 2020"
"Columbus Catalytic Systems GmbH Neuss";"Rechnungslegung/ Finanzberichte";"» Jahresabschluss zum Geschäftsjahr vom 01.01.2011 bis zum 31.12.2011";"28.12.2012";"95%";"0d747c0b2dd5781887ce3d83356491d9";"e3bf10dcd0982ad4";"77259";"Wed Jul  8 23:38:37 2020"
"Columbus Systems GmbH Ravensburg";"Rechnungslegung/ Finanzberichte";"» Jahresabschluss zum Geschäftsjahr vom 01.01.2010 bis zum 31.12.2010";"09.01.2012";"95%";"0d747c0b2dd5781887ce3d83356491d9";"b0ed3fa79e768ab2";"77259";"Wed Jul  8 23:38:37 2020"
"Columbus Catalytic Systems GmbH Neuss";"Rechnungslegung/ Finanzberichte";"» Jahresabschluss zum Geschäftsjahr vom 01.01.2010 bis zum 31.12.2010";"29.12.2011";"95%";"0d747c0b2dd5781887ce3d83356491d9";"77bf92292c3fec98";"77259";"Wed Jul  8 23:38:37 2020"
"Columbus Systems GmbH Ravensburg";"Rechnungslegung/ Finanzberichte";"» Jahresabschluss zum Geschäftsjahr vom 01.01.2009 bis zum 31.12.2009";"14.01.2011";"95%";"0d747c0b2dd5781887ce3d83356491d9";"cda85e4c5ef397c8";"77259";"Wed Jul  8 23:38:37 2020"
"Columbus Catalytic Systems GmbH Neuss";"Rechnungslegung/ Finanzberichte";"» Jahresabschluss zum Geschäftsjahr vom 01.01.2009 bis zum 31.12.2009";"31.12.2010";"95%";"0d747c0b2dd5781887ce3d83356491d9";"cc13138184ab6aa1";"77259";"Wed Jul  8 23:38:37 2020"
"Columbus Systems GmbH Ravensburg";"Rechnungslegung/ Finanzberichte";"» Jahresabschluss zum Geschäftsjahr vom 01.01.2008 bis zum 31.12.2008";"28.12.2009";"95%";"0d747c0b2dd5781887ce3d83356491d9";"f6b1374273ad3386";"77259";"Wed Jul  8 23:38:37 2020"
"Columbus Catalytic Systems GmbH Neuss";"Rechnungslegung/ Finanzberichte";"» Jahresabschluss zum Geschäftsjahr vom 01.01.2008 bis zum 31.12.2008";"18.11.2009";"95%";"0d747c0b2dd5781887ce3d83356491d9";"3f78a02cace04482";"77259";"Wed Jul  8 23:38:37 2020"
"Columbus Catalytic Systems GmbH Neuss";"Rechnungslegung/ Finanzberichte";"» Jahresabschluss zum Geschäftsjahr vom 01.01.2007 bis zum 31.12.2007";"14.04.2009";"95%";"0d747c0b2dd5781887ce3d83356491d9";"96b1040bd0bce462";"77259";"Wed Jul  8 23:38:37 2020"
"Columbus Systems GmbH Ravensburg";"Rechnungslegung/ Finanzberichte";"» Jahresabschluss";"09.02.2009";"95%";"0d747c0b2dd5781887ce3d83356491d9";"a8ad365f01a7ce0a";"77259";"Wed Jul  8 23:38:37 2020"
"Columbus Catalytic Systems GmbH Neuss";"Rechnungslegung/ Finanzberichte";"» Jahresabschluss zum 31.12.2006";"02.04.2008";"95%";"0d747c0b2dd5781887ce3d83356491d9";"ba0dc354d687424a";"77259";"Wed Jul  8 23:38:37 2020"
"Columbus Systems GmbH Ravensburg";"Rechnungslegung/ Finanzberichte";"» Jahresabschluss zum 31.12.2006";"17.12.2007";"95%";"0d747c0b2dd5781887ce3d83356491d9";"bfa08128061f5091";"77259";"Wed Jul  8 23:38:37 2020"
"MEDIQON Group AG Königstein im Taunus";"Rechnungslegung/ Finanzberichte";"» Halbjahresfinanzbericht zum 30. Juni 2019";"04.10.2019";"10%";"0d747c0b2dd5781887ce3d83356491d9";"1bb7df550917c212";"77259";"Wed Jul  8 23:38:37 2020"
