"Name";"Bereich";"Information";"V.-Datum";"Relevanz";"session.sessionid=";"fts_search_list.selected";"fts_search_list.destHistoryId";"timestamp"
"CompuMaster GmbH Emmelshausen";"Rechnungslegung/ Finanzberichte";"» Jahresabschluss zum Geschäftsjahr vom 01.01.2014 bis zum 31.12.2014";"21.01.2016";"92%";"af75d5dc888ac79ae50ee77806ec50af";"e53caffd2c57fb28";"84177";"Wed Jul 15 17:37:35 2020"
"CompuMaster GmbH Emmelshausen";"Rechnungslegung/ Finanzberichte";"» Jahresabschluss zum Geschäftsjahr vom 01.01.2013 bis zum 31.12.2013";"18.02.2015";"92%";"af75d5dc888ac79ae50ee77806ec50af";"6a4af271ba103d5c";"84177";"Wed Jul 15 17:37:35 2020"
"CompuMaster GmbH Emmelshausen";"Rechnungslegung/ Finanzberichte";"» Jahresabschluss zum Geschäftsjahr vom 01.01.2012 bis zum 31.12.2012";"05.02.2014";"92%";"af75d5dc888ac79ae50ee77806ec50af";"7865430e91e0e7a5";"84177";"Wed Jul 15 17:37:35 2020"
"CompuMaster GmbH Emmelshausen";"Rechnungslegung/ Finanzberichte";"» Jahresabschluss zum Geschäftsjahr vom 01.01.2011 bis zum 31.12.2011";"31.01.2013";"92%";"af75d5dc888ac79ae50ee77806ec50af";"e8c50d3e14f89bb5";"84177";"Wed Jul 15 17:37:35 2020"
"CompuMaster GmbH Emmelshausen";"Rechnungslegung/ Finanzberichte";"» Jahresabschluss zum Geschäftsjahr vom 01.01.2010 bis zum 31.12.2010";"08.03.2012";"92%";"af75d5dc888ac79ae50ee77806ec50af";"f2e51fff39f33f4a";"84177";"Wed Jul 15 17:37:35 2020"
"CompuMaster GmbH Emmelshausen";"Rechnungslegung/ Finanzberichte";"» Jahresabschluss zum Geschäftsjahr vom 01.01.2009 bis zum 31.12.2009";"25.02.2011";"92%";"af75d5dc888ac79ae50ee77806ec50af";"24b1c4a91372e90b";"84177";"Wed Jul 15 17:37:35 2020"
"CompuMaster GmbH Emmelshausen";"Rechnungslegung/ Finanzberichte";"» Jahresabschluss zum Geschäftsjahr vom 01.01.2008 bis zum 31.12.2008";"03.02.2010";"92%";"af75d5dc888ac79ae50ee77806ec50af";"b27874e96ccc4653";"84177";"Wed Jul 15 17:37:35 2020"
"CompuMaster GmbH Emmelshausen";"Rechnungslegung/ Finanzberichte";"» Jahresabschluss zum Geschäftsjahr vom 01.01.2007 bis zum 31.12.2007";"04.02.2009";"92%";"af75d5dc888ac79ae50ee77806ec50af";"370008c1b9c46f39";"84177";"Wed Jul 15 17:37:35 2020"
"CompuMaster GmbH Emmelshausen";"Rechnungslegung/ Finanzberichte";"» Jahresabschluss zum 31.12.2006";"15.01.2008";"92%";"af75d5dc888ac79ae50ee77806ec50af";"2d6c693d28b61c31";"84177";"Wed Jul 15 17:37:35 2020"
