"Name";"Bereich";"Information";"V.-Datum";"Relevanz";"session.sessionid=";"fts_search_list.selected";"fts_search_list.destHistoryId";"timestamp"
"Quinkert & Esser Executive Search GmbH Hamburg";"Rechnungslegung/ Finanzberichte";"» Jahresabschluss zum Geschäftsjahr vom 01.01.2018 bis zum 31.12.2018";"23.12.2019";"100%";"9f0e12c7f320e17bd3028846fa49a6eb";"2c1512a5d332b397";"39728";"Tue Jul 14 04:08:45 2020"
"Quinkert & Esser Executive Search GmbH Hamburg";"Rechnungslegung/ Finanzberichte";"» Jahresabschluss zum Geschäftsjahr vom 01.01.2017 bis zum 31.12.2017";"28.11.2018";"100%";"9f0e12c7f320e17bd3028846fa49a6eb";"1cef4e22fc7d5f5f";"39728";"Tue Jul 14 04:08:45 2020"
"Quinkert & Esser Executive Search GmbH Hamburg";"Rechnungslegung/ Finanzberichte";"» Jahresabschluss zum Geschäftsjahr vom 01.01.2016 bis zum 31.12.2016";"20.12.2017";"98%";"9f0e12c7f320e17bd3028846fa49a6eb";"e8113a051d95bc0d";"39728";"Tue Jul 14 04:08:45 2020"
"Quinkert & Esser Executive Search GmbH Hamburg";"Rechnungslegung/ Finanzberichte";"» Jahresabschluss zum Geschäftsjahr vom 01.01.2015 bis zum 31.12.2015";"07.12.2016";"98%";"9f0e12c7f320e17bd3028846fa49a6eb";"6019916e622cd624";"39728";"Tue Jul 14 04:08:45 2020"
"Quinkert & Esser Executive Search GmbH Frankfurt am Main";"Rechnungslegung/ Finanzberichte";"» Jahresabschluss zum Geschäftsjahr vom 01.01.2012 bis zum 31.12.2012";"02.01.2014";"98%";"9f0e12c7f320e17bd3028846fa49a6eb";"17eb2265abfd7a35";"39728";"Tue Jul 14 04:08:45 2020"
"Quinkert & Esser Executive Search GmbH Frankfurt am Main";"Rechnungslegung/ Finanzberichte";"» Jahresabschluss zum Geschäftsjahr vom 01.01.2011 bis zum 31.12.2011";"31.12.2012";"98%";"9f0e12c7f320e17bd3028846fa49a6eb";"0d6ff0c60669e76a";"39728";"Tue Jul 14 04:08:45 2020"
"Quinkert & Esser Executive Search GmbH (vormals: Quinkert Herbold Fischer Executive
                                       Search GmbH) Frankfurt am Main";"Rechnungslegung/ Finanzberichte";"» Jahresabschluss zum Geschäftsjahr vom 01.01.2010 bis zum 31.12.2010";"30.12.2011";"98%";"9f0e12c7f320e17bd3028846fa49a6eb";"12e80cb2a38e238b";"39728";"Tue Jul 14 04:08:45 2020"
"Quinkert & Esser Executive Search GmbH Frankfurt am Main";"Rechnungslegung/ Finanzberichte";"» Jahresabschluss zum Geschäftsjahr vom 01.01.2009 bis zum 31.12.2009";"28.12.2010";"98%";"9f0e12c7f320e17bd3028846fa49a6eb";"ad0665116e59d348";"39728";"Tue Jul 14 04:08:45 2020"
