"Name";"Bereich";"Information";"V.-Datum";"Relevanz";"session.sessionid=";"fts_search_list.selected";"fts_search_list.destHistoryId";"timestamp"
"Schommer Media GmbH Stuttgart";"Rechnungslegung/ Finanzberichte";"» Jahresabschluss zum Geschäftsjahr vom 01.01.2018 bis zum 31.12.2018";"16.12.2019";"100%";"9f0e12c7f320e17bd3028846fa49a6eb";"b7646fcc4f7b8e31";"59967";"Tue Jul 14 03:01:56 2020"
"Schommer Media GmbH Stuttgart";"Rechnungslegung/ Finanzberichte";"» Jahresabschluss zum Geschäftsjahr vom 01.01.2017 bis zum 31.12.2017";"25.07.2018";"100%";"9f0e12c7f320e17bd3028846fa49a6eb";"f0610ae642a2a330";"59967";"Tue Jul 14 03:01:56 2020"
"Schommer Media GmbH Stuttgart";"Rechnungslegung/ Finanzberichte";"» Jahresabschluss zum Geschäftsjahr vom 01.01.2016 bis zum 31.12.2016";"05.10.2017";"95%";"9f0e12c7f320e17bd3028846fa49a6eb";"92f6dc07bedaa8c3";"59967";"Tue Jul 14 03:01:56 2020"
"Schommer Media GmbH Stuttgart";"Rechnungslegung/ Finanzberichte";"» Jahresabschluss zum Geschäftsjahr vom 01.01.2015 bis zum 31.12.2015";"28.09.2016";"95%";"9f0e12c7f320e17bd3028846fa49a6eb";"f51cf14faf401f54";"59967";"Tue Jul 14 03:01:56 2020"
"Schommer Media GmbH Stuttgart";"Rechnungslegung/ Finanzberichte";"» Jahresabschluss zum Geschäftsjahr vom 01.01.2014 bis zum 31.12.2014";"16.10.2015";"95%";"9f0e12c7f320e17bd3028846fa49a6eb";"3722beb7afbab089";"59967";"Tue Jul 14 03:01:56 2020"
"Schommer Media GmbH Stuttgart";"Rechnungslegung/ Finanzberichte";"» Jahresabschluss zum Geschäftsjahr vom 01.01.2013 bis zum 31.12.2013";"02.01.2015";"95%";"9f0e12c7f320e17bd3028846fa49a6eb";"5ee6e295976c49df";"59967";"Tue Jul 14 03:01:56 2020"
"Schommer Media GmbH Stuttgart";"Rechnungslegung/ Finanzberichte";"» Jahresabschluss zum Geschäftsjahr vom 01.01.2012 bis zum 31.12.2012";"08.01.2014";"95%";"9f0e12c7f320e17bd3028846fa49a6eb";"d7f5ffc43bea4f80";"59967";"Tue Jul 14 03:01:56 2020"
"Henzgen & Schommer media GmbH Andernach";"Rechnungslegung/ Finanzberichte";"» Jahresabschluss zum Geschäftsjahr vom 01.01.2011 bis zum 31.12.2011";"11.01.2013";"95%";"9f0e12c7f320e17bd3028846fa49a6eb";"c9ce46f04888d396";"59967";"Tue Jul 14 03:01:56 2020"
"Schommer Media GmbH Stuttgart";"Rechnungslegung/ Finanzberichte";"» Jahresabschluss zum Geschäftsjahr vom 01.01.2011 bis zum 31.12.2011";"02.01.2013";"95%";"9f0e12c7f320e17bd3028846fa49a6eb";"14bd0d0f58517703";"59967";"Tue Jul 14 03:01:56 2020"
"Schommer Media GmbH Stuttgart";"Rechnungslegung/ Finanzberichte";"» Jahresabschluss zum Geschäftsjahr vom 01.01.2010 bis zum 31.12.2010";"22.02.2012";"95%";"9f0e12c7f320e17bd3028846fa49a6eb";"f74a93a0b908a3ca";"59967";"Tue Jul 14 03:01:56 2020"
"Henzgen & Schommer media GmbH Andernach";"Rechnungslegung/ Finanzberichte";"» Jahresabschluss zum Geschäftsjahr vom 01.01.2010 bis zum 31.12.2010";"29.12.2011";"95%";"9f0e12c7f320e17bd3028846fa49a6eb";"b29f74a77ed365aa";"59967";"Tue Jul 14 03:01:56 2020"
"Henzgen & Schommer media GmbH Andernach";"Rechnungslegung/ Finanzberichte";"» Jahresabschluss zum Geschäftsjahr vom 01.01.2009 bis zum 31.12.2009";"28.12.2010";"95%";"9f0e12c7f320e17bd3028846fa49a6eb";"9e36feb5cdd6c643";"59967";"Tue Jul 14 03:01:56 2020"
"Henzgen & Schommer media GmbH Andernach";"Rechnungslegung/ Finanzberichte";"» Jahresabschluss zum Geschäftsjahr vom 01.01.2008 bis zum 31.12.2008";"03.02.2010";"95%";"9f0e12c7f320e17bd3028846fa49a6eb";"8ee943688d92d3b0";"59967";"Tue Jul 14 03:01:56 2020"
"Henzgen & Schommer media GmbH Andernach";"Rechnungslegung/ Finanzberichte";"» Jahresabschluss zum Geschäftsjahr vom 01.01.2007 bis zum 31.12.2007";"27.03.2009";"95%";"9f0e12c7f320e17bd3028846fa49a6eb";"7c00ee5dd9a32af3";"59967";"Tue Jul 14 03:01:56 2020"
"Henzgen & Schommer media GmbH Andernach";"Rechnungslegung/ Finanzberichte";"» Jahresabschluss zum 31.12.2006";"31.01.2008";"95%";"9f0e12c7f320e17bd3028846fa49a6eb";"ce67fc54eda1acfa";"59967";"Tue Jul 14 03:01:56 2020"
